[array([0.078579, 0.396923]), array([0.721449, 0.941278]), array([0.285526, 0.298043, 0.383102]), array([0.497411, 0.437024, 0.392893, 0.499691]), array([0.265828, 0.785871, 0.956868, 0.901489]), array([0.407502, 0.433135, 0.348846, 0.699075, 0.125416]), array([0.012807, 0.405906, 0.232567, 0.322556, 0.24167 , 0.664147]), array([0.10173 , 0.236262, 0.086905, 0.401978, 0.711456, 0.286539,
       0.003732, 0.557067])]
[array([0.751177, 0.753868]), array([0.720333, 0.918284]), array([0.376148, 0.467838, 0.41939 ]), array([0.438101, 0.470414, 0.278728, 0.379791]), array([0.433955, 0.573328, 0.967518, 0.982559]), array([4.70235e-01, 3.39769e-01, 5.19259e-01, 7.28437e-01, 6.91000e-04]), array([0.031433, 0.360161, 0.257975, 0.224622, 0.17976 , 0.737063]), array([0.205704, 0.245314, 0.237675, 0.418931, 0.390462, 0.554179,
       0.093212, 0.58125 ])]
[array([0.742881, 0.737917]), array([0.683114, 0.932566]), array([0.493196, 0.298589, 0.158966]), array([0.444967, 0.50766 , 0.415755, 0.449437]), array([0.031304, 0.463877, 0.988108, 0.977205]), array([0.466189, 0.275588, 0.507176, 0.752927, 0.010745]), array([0.002574, 0.186295, 0.94716 , 0.354646, 0.297125, 0.6139  ]), array([0.112377, 0.253276, 0.090105, 0.129734, 0.959147, 0.204369,
       0.203099, 0.806753])]
[array([0.003919, 0.99946 ]), array([0.811127, 0.220614]), array([0.402026, 0.51094 , 0.421586]), array([0.443543, 0.49506 , 0.388504, 0.424913]), array([0.999999, 0.999999, 0.999999, 0.952697]), array([4.87428e-01, 4.35339e-01, 7.00115e-01, 8.20997e-01, 1.00000e-06]), array([1.00000e-06, 4.31750e-01, 1.00000e-06, 1.49298e-01, 2.75760e-01,
       6.21885e-01]), array([0.149638, 0.240037, 0.161201, 0.161663, 0.999999, 0.556455,
       0.174173, 0.729732])]
[array([0.994653, 0.996066]), array([0.068207, 0.078298]), array([0.434898, 0.463695, 0.42737 ]), array([0.431766, 0.477077, 0.391274, 0.399382]), array([0.999999, 0.999999, 0.999999, 0.999999]), array([5.05659e-01, 3.99191e-01, 6.13498e-01, 6.68560e-01, 1.00000e-06]), array([1.00000e-06, 4.41153e-01, 9.28072e-01, 2.90118e-01, 2.12566e-01,
       1.39961e-01]), array([1.82264e-01, 1.00000e-06, 2.73613e-01, 1.00000e-06, 9.99999e-01,
       6.98251e-01, 1.00000e-06, 4.79513e-01])]
[array([0.004403, 0.000331]), array([0.002254, 0.997016]), array([0.424138, 0.996905, 0.90336 ]), array([0.397651, 0.47291 , 0.385315, 0.418103]), array([0.999999, 0.999999, 0.88031 , 0.999999]), array([4.46564e-01, 4.18053e-01, 4.99937e-01, 9.99999e-01, 1.00000e-06]), array([1.00000e-06, 8.16530e-02, 1.00000e-06, 2.97573e-01, 2.68360e-01,
       7.33459e-01]), array([0.210472, 0.196953, 0.208807, 0.293054, 0.999999, 0.908902,
       0.211589, 0.406913])]
[array([0.394476, 0.459447]), array([0.702637, 0.935299]), array([0.402026, 0.889183, 0.407163]), array([0.39379 , 0.495789, 0.390557, 0.394999]), array([0.999999, 0.999999, 0.999999, 0.999999]), array([0.468027, 0.265234, 0.75124 , 0.742593, 0.013963]), array([1.00000e-06, 9.99999e-01, 1.71052e-01, 2.95764e-01, 2.67929e-01,
       6.88404e-01]), array([0.11938 , 0.237722, 0.168922, 0.114296, 0.999999, 0.467809,
       0.183868, 0.729732])]
[array([0.024645, 0.696689]), array([0.702637, 0.935299]), array([0.402026, 0.555194, 0.399478]), array([0.419623, 0.459945, 0.391113, 0.418752]), array([1.00000e-06, 1.57200e-02, 2.19625e-01, 9.99999e-01]), array([4.64143e-01, 3.54189e-01, 6.33462e-01, 7.59160e-01, 1.00000e-06]), array([1.00000e-06, 3.21517e-01, 1.00000e-06, 2.84253e-01, 3.06568e-01,
       7.82793e-01]), array([0.079811, 0.206308, 0.124852, 0.191731, 0.999999, 0.505093,
       0.184471, 0.729732])]
[array([0.382391, 0.49262 ]), array([0.687445, 0.139588]), array([0.402026, 0.712193, 0.445168]), array([0.433357, 0.476985, 0.379267, 0.423133]), array([0.999999, 0.967505, 0.999999, 0.999999]), array([3.86893e-01, 1.57043e-01, 9.99999e-01, 7.48961e-01, 1.00000e-06]), array([3.80300e-03, 1.24138e-01, 1.00000e-06, 8.78520e-02, 2.85016e-01,
       6.29133e-01]), array([0.111281, 0.146997, 0.160048, 0.239441, 0.999999, 0.468262,
       0.193766, 0.729732])]
[array([0.624447, 0.735787]), array([0.700576, 0.050124]), array([0.402026, 0.623397, 0.469866]), array([0.410122, 0.420232, 0.351021, 0.440102]), array([9.99999e-01, 1.00000e-06, 1.00000e-06, 1.00000e-06]), array([4.48898e-01, 3.60164e-01, 6.10901e-01, 7.59413e-01, 1.00000e-06]), array([1.00000e-06, 8.16530e-02, 9.99999e-01, 2.97573e-01, 2.68360e-01,
       7.33459e-01]), array([0.141127, 0.941449, 0.439157, 0.985865, 0.132541, 0.797062,
       0.083054, 0.729732])]
[array([0.617796, 0.726526]), array([0.900263, 0.797279]), array([0.402026, 0.518563, 0.419187]), array([0.414697, 0.409025, 0.362616, 0.451716]), array([9.99999e-01, 1.00000e-06, 9.99999e-01, 1.00000e-06]), array([4.16316e-01, 3.69514e-01, 6.19772e-01, 7.66379e-01, 1.00000e-06]), array([1.00000e-06, 1.46918e-01, 1.00000e-06, 2.57149e-01, 2.76689e-01,
       7.15547e-01]), array([0.033259, 0.776529, 0.905059, 0.424616, 0.963539, 0.9046  ,
       0.873244, 0.729732])]
[array([0.429049, 0.436591]), array([0.706221, 0.997481]), array([0.402026, 0.545599, 0.419008]), array([0.415339, 0.413982, 0.372205, 0.427067]), array([1.e-06, 1.e-06, 1.e-06, 1.e-06]), array([0.98275 , 0.350558, 0.735414, 0.813633, 0.036453]), array([1.00000e-06, 1.32356e-01, 1.00000e-06, 2.27021e-01, 2.86960e-01,
       7.54116e-01]), array([0.802679, 0.692505, 0.008052, 0.02835 , 0.03018 , 0.906305,
       0.65234 , 0.729732])]